Scenario BL: 
n_h_sem_base = np.array([
  26.45,26.45,26.45,26.45, 20.66,20.66,20.66,20.66,
  17.63,17.63,17.63,17.63, 15.87,15.87,15.87,15.87,
  20.15,20.15,20.15,20.15, 38.55,38.55,38.55,38.55,
  70.53,70.53,70.53,70.53, 120.68,120.68,120.68,120.68,
  124.72,124.72,124.72,124.72, 117.11,117.11,117.11,117.11,
  107.58,107.58,107.58,107.58, 96.37,96.37,96.37,96.37,
  92.50,92.50,92.50,92.50, 91.62,91.62,91.62,91.62,
  93.22,93.22,93.22,93.22, 93.55,93.55,93.55,93.55,
  88.02,88.02,88.02,88.02, 83.31,83.31,83.31,83.31,
  192.94,192.94,192.94,192.94, 192.94,192.94,192.94,192.94,
  78.60,78.60,78.60,78.60, 55.64,55.64,55.64,55.64,
  34.64,34.64,34.64,34.64, 22.09,22.09,22.09,22.09
])

n_h_fds_base = np.array([
  26.45,26.45,26.45,26.45, 20.66,20.66,20.66,20.66,
  17.63,17.63,17.63,17.63, 15.87,15.87,15.87,15.87,
  20.15,20.15,20.15,20.15, 38.55,38.55,38.55,38.55,
  70.53,70.53,70.53,70.53, 120.68,120.68,120.68,120.68,
  124.72,124.72,124.72,124.72, 117.11,117.11,117.11,117.11,
  317.70,317.70,317.70,317.70, 354.86,354.86,354.86,354.86,
  353.02,353.02,353.02,353.02, 339.34,339.34,339.34,339.34,
  315.34,315.34,315.34,315.34, 299.35,299.35,299.35,299.35,
  207.57,207.57,207.57,207.57, 183.81,183.81,183.81,183.81,
  78.60,78.60,78.60,78.60, 55.64,55.64,55.64,55.64,
  34.64,34.64,34.64,34.64, 22.09,22.09,22.09,22.09,
  9.07,9.07,9.07,9.07, 3.47,3.47,3.47,3.47
])

Scenario 2: 
n_h_sem= [
22.50, 7.50, 67.50, 37.50, 22.50, 45.00, 22.50, 60.00, 15.00, 7.50, 22.50, 15.00, 15.00, 15.00, 37.50, 22.50, 22.50, 30.00, 15.00, 22.50, 30.00, 45.00, 37.50, 45.00, 82.50, 112.50, 67.50, 60.00, 112.50, 157.50, 135.00, 172.50, 82.50, 97.50, 127.50, 142.50, 127.50, 150.00, 142.50, 120.00, 112.50, 75.00, 202.50, 112.50, 97.50, 97.50, 82.50, 105.00, 112.50, 90.00, 112.50, 67.50, 37.50, 82.50, 75.00, 135.00, 97.50, 97.50, 75.00, 82.50, 75.00, 120.00, 105.00, 120.00, 37.50, 67.50, 112.50, 75.00, 75.00, 45.00, 82.50, 90.00, 195.00, 247.50, 277.50, 240.00, 300.00, 277.50, 172.50, 247.50, 67.50, 75.00, 82.50, 45.00, 52.50, 45.00, 37.50, 45.00, 30.00, 15.00, 30.00, 30.00, 7.50, 22.50, 30.00, 15.00
];
n_h_fds = [
37.50, 22.50, 22.50, 7.50, 7.50, 22.50, 7.50, 15.00, 15.00, 22.50, 37.50, 7.50, 0.00, 0.00, 15.00, 15.00, 15.00, 15.00, 30.00, 7.50, 75.00, 45.00, 45.00, 30.00, 60.00, 120.00, 52.50, 37.50, 142.50, 142.50, 60.00, 105.00, 97.50, 127.50, 142.50, 120.00, 90.00, 112.50, 105.00, 97.50, 360.00, 315.00, 285.00, 277.50, 397.50, 420.00, 345.00, 300.00, 307.50, 375.00, 337.50, 292.50, 360.00, 307.50, 337.50, 307.50, 382.50, 330.00, 345.00, 337.50, 285.00, 285.00, 330.00, 330.00, 172.50, 247.50, 180.00, 165.00, 225.00, 195.00, 195.00, 135.00, 67.50, 82.50, 82.50, 90.00, 52.50, 45.00, 67.50, 45.00, 30.00, 37.50, 45.00, 37.50, 22.50, 0.00, 15.00, 30.00, 0.00, 0.00, 7.50, 15.00, 0.00, 0.00, 7.50, 0.00
];

Scenario 3: 
n_h_sem= [
15.00, 22.50, 30.00, 22.50, 22.50, 7.50, 15.00, 0.00, 15.00, 22.50, 37.50, 0.00, 22.50, 7.50, 22.50, 7.50, 7.50, 37.50, 0.00, 15.00, 30.00, 52.50, 75.00, 60.00, 75.00, 75.00, 67.50, 52.50, 67.50, 142.50, 127.50, 150.00, 127.50, 105.00, 150.00, 150.00, 165.00, 127.50, 90.00, 165.00, 90.00, 112.50, 187.50, 127.50, 75.00, 157.50, 120.00, 52.50, 127.50, 97.50, 90.00, 90.00, 157.50, 82.50, 135.00, 97.50, 105.00, 90.00, 135.00, 82.50, 90.00, 75.00, 52.50, 135.00, 135.00, 142.50, 60.00, 75.00, 67.50, 67.50, 60.00, 97.50, 255.00, 172.50, 142.50, 180.00, 240.00, 172.50, 187.50, 135.00, 105.00, 82.50, 112.50, 142.50, 52.50, 37.50, 120.00, 90.00, 7.50, 7.50, 75.00, 15.00, 22.50, 37.50, 52.50, 7.50
];

n_h_fds = [
60.00, 15.00, 0.00, 30.00, 15.00, 22.50, 7.50, 22.50, 7.50, 22.50, 0.00, 7.50, 15.00, 37.50, 7.50, 22.50, 15.00, 15.00, 30.00, 15.00, 37.50, 45.00, 45.00, 60.00, 37.50, 37.50, 90.00, 37.50, 97.50, 120.00, 112.50, 157.50, 112.50, 112.50, 82.50, 105.00, 97.50, 157.50, 127.50, 97.50, 292.50, 330.00, 375.00, 307.50, 292.50, 397.50, 405.00, 420.00, 382.50, 397.50, 330.00, 412.50, 382.50, 390.00, 330.00, 300.00, 300.00, 345.00, 277.50, 337.50, 247.50, 442.50, 315.00, 270.00, 217.50, 150.00, 285.00, 232.50, 187.50, 97.50, 172.50, 210.00, 67.50, 75.00, 67.50, 67.50, 52.50, 60.00, 75.00, 75.00, 15.00, 37.50, 22.50, 52.50, 60.00, 45.00, 7.50, 30.00, 0.00, 22.50, 7.50, 7.50, 7.50, 7.50, 0.00, 0.00
];


